C	P	Node
1	None	4 7 8 2 1 5 3 6 0
2	1	4 7 8 2 1 5 3 0 6
3	1	4 7 8 2 1 0 3 6 5
4	2	4 7 8 2 1 5 0 3 6
5	2	4 7 8 2 0 5 3 1 6
6	3	4 7 8 2 0 1 3 6 5
7	3	4 7 0 2 1 8 3 6 5
8	4	4 7 8 0 1 5 2 3 6
9	5	4 7 8 0 2 5 3 1 6
10	5	4 7 8 2 5 0 3 1 6
11	5	4 0 8 2 7 5 3 1 6
12	6	4 7 8 0 2 1 3 6 5
13	6	4 0 8 2 7 1 3 6 5
14	6	4 7 8 2 6 1 3 0 5
15	7	4 0 7 2 1 8 3 6 5
16	8	4 7 8 1 0 5 2 3 6
17	8	0 7 8 4 1 5 2 3 6
18	9	0 7 8 4 2 5 3 1 6
19	9	4 7 8 3 2 5 0 1 6
20	10	4 7 0 2 5 8 3 1 6
21	10	4 7 8 2 5 6 3 1 0
22	11	0 4 8 2 7 5 3 1 6
23	11	4 8 0 2 7 5 3 1 6
24	12	0 7 8 4 2 1 3 6 5
25	12	4 7 8 3 2 1 0 6 5
26	13	0 4 8 2 7 1 3 6 5
27	13	4 8 0 2 7 1 3 6 5
28	14	4 7 8 2 6 1 0 3 5
29	14	4 7 8 2 6 1 3 5 0
30	15	0 4 7 2 1 8 3 6 5
31	15	4 1 7 2 0 8 3 6 5
32	16	4 7 8 1 5 0 2 3 6
33	16	4 0 8 1 7 5 2 3 6
34	16	4 7 8 1 3 5 2 0 6
35	17	7 0 8 4 1 5 2 3 6
36	18	7 0 8 4 2 5 3 1 6
37	19	4 7 8 3 2 5 1 0 6
38	20	4 0 7 2 5 8 3 1 6
39	21	4 7 8 2 5 6 3 0 1
40	22	2 4 8 0 7 5 3 1 6
41	23	4 8 5 2 7 0 3 1 6
42	24	7 0 8 4 2 1 3 6 5
43	25	4 7 8 3 2 1 6 0 5
44	26	2 4 8 0 7 1 3 6 5
45	27	4 8 1 2 7 0 3 6 5
46	28	4 7 8 0 6 1 2 3 5
47	29	4 7 8 2 6 0 3 5 1
48	30	2 4 7 0 1 8 3 6 5
49	31	4 1 7 0 2 8 3 6 5
50	31	4 1 7 2 8 0 3 6 5
51	31	4 1 7 2 6 8 3 0 5
52	32	4 7 0 1 5 8 2 3 6
53	32	4 7 8 1 5 6 2 3 0
54	33	0 4 8 1 7 5 2 3 6
55	33	4 8 0 1 7 5 2 3 6
56	34	4 7 8 1 3 5 0 2 6
57	34	4 7 8 1 3 5 2 6 0
58	35	7 8 0 4 1 5 2 3 6
59	35	7 1 8 4 0 5 2 3 6
60	36	7 8 0 4 2 5 3 1 6
61	36	7 2 8 4 0 5 3 1 6
62	37	4 7 8 3 2 5 1 6 0
63	37	4 7 8 3 0 5 1 2 6
64	38	0 4 7 2 5 8 3 1 6
65	38	4 5 7 2 0 8 3 1 6
66	39	4 7 8 2 5 6 0 3 1
67	39	4 7 8 2 0 6 3 5 1
68	40	2 4 8 7 0 5 3 1 6
69	40	2 4 8 3 7 5 0 1 6
70	41	4 8 5 2 0 7 3 1 6
71	41	4 8 5 2 7 6 3 1 0
72	42	7 8 0 4 2 1 3 6 5
73	42	7 2 8 4 0 1 3 6 5
74	43	4 7 8 3 2 1 6 5 0
75	43	4 7 8 3 0 1 6 2 5
76	44	2 4 8 7 0 1 3 6 5
77	44	2 4 8 3 7 1 0 6 5
78	45	4 8 1 2 0 7 3 6 5
79	45	4 8 1 2 7 5 3 6 0
80	46	4 7 8 6 0 1 2 3 5
81	46	0 7 8 4 6 1 2 3 5
82	47	4 7 0 2 6 8 3 5 1
83	48	2 4 7 1 0 8 3 6 5
84	48	2 4 7 3 1 8 0 6 5
85	49	0 1 7 4 2 8 3 6 5
86	49	4 1 7 3 2 8 0 6 5
87	50	4 1 0 2 8 7 3 6 5
88	50	4 1 7 2 8 5 3 6 0
89	51	4 1 7 2 6 8 0 3 5
90	51	4 1 7 2 6 8 3 5 0
91	52	4 0 7 1 5 8 2 3 6
92	53	4 7 8 1 5 6 2 0 3
93	54	1 4 8 0 7 5 2 3 6
94	55	4 8 5 1 7 0 2 3 6
95	56	4 7 8 0 3 5 1 2 6
96	57	4 7 8 1 3 0 2 6 5
97	58	7 8 5 4 1 0 2 3 6
98	59	7 1 8 0 4 5 2 3 6
99	59	7 1 8 4 5 0 2 3 6
100	59	7 1 8 4 3 5 2 0 6
101	60	7 8 5 4 2 0 3 1 6
102	61	7 2 8 0 4 5 3 1 6
103	61	7 2 8 4 5 0 3 1 6
104	61	7 2 8 4 1 5 3 0 6
105	62	4 7 8 3 2 0 1 6 5
106	63	4 7 8 3 5 0 1 2 6
107	63	4 0 8 3 7 5 1 2 6
108	64	2 4 7 0 5 8 3 1 6
109	65	4 5 7 0 2 8 3 1 6
110	65	4 5 7 2 8 0 3 1 6
111	65	4 5 7 2 1 8 3 0 6
112	66	4 7 8 0 5 6 2 3 1
113	67	4 7 8 0 2 6 3 5 1
114	67	4 0 8 2 7 6 3 5 1
115	68	2 4 8 7 5 0 3 1 6
116	68	2 0 8 7 4 5 3 1 6
117	68	2 4 8 7 1 5 3 0 6
118	69	2 4 8 3 7 5 1 0 6
119	70	4 8 5 0 2 7 3 1 6
120	70	4 0 5 2 8 7 3 1 6
121	70	4 8 5 2 1 7 3 0 6
122	71	4 8 5 2 7 6 3 0 1
123	72	7 8 1 4 2 0 3 6 5
124	73	7 2 8 0 4 1 3 6 5
125	73	7 2 8 4 1 0 3 6 5
126	73	7 2 8 4 6 1 3 0 5
127	74	4 7 8 3 2 0 6 5 1
128	75	4 7 8 0 3 1 6 2 5
129	75	4 7 8 3 1 0 6 2 5
130	75	4 0 8 3 7 1 6 2 5
131	76	2 4 8 7 1 0 3 6 5
132	76	2 0 8 7 4 1 3 6 5
133	76	2 4 8 7 6 1 3 0 5
134	77	2 4 8 3 7 1 6 0 5
135	78	4 8 1 0 2 7 3 6 5
136	78	4 0 1 2 8 7 3 6 5
137	78	4 8 1 2 6 7 3 0 5
138	79	4 8 1 2 7 5 3 0 6
139	80	4 7 8 6 1 0 2 3 5
140	80	4 0 8 6 7 1 2 3 5
141	80	4 7 8 6 3 1 2 0 5
142	81	7 0 8 4 6 1 2 3 5
143	82	4 0 7 2 6 8 3 5 1
144	83	2 4 7 1 8 0 3 6 5
145	83	2 0 7 1 4 8 3 6 5
146	83	2 4 7 1 6 8 3 0 5
147	84	2 4 7 3 1 8 6 0 5
148	85	1 0 7 4 2 8 3 6 5
149	86	4 1 7 3 2 8 6 0 5
150	88	4 1 7 2 8 5 3 0 6
151	89	4 1 7 0 6 8 2 3 5
152	90	4 1 7 2 6 0 3 5 8
153	91	0 4 7 1 5 8 2 3 6
154	91	4 5 7 1 0 8 2 3 6
155	92	4 7 8 1 5 6 0 2 3
156	92	4 7 8 1 0 6 2 5 3
157	93	1 4 8 7 0 5 2 3 6
158	93	1 4 8 2 7 5 0 3 6
159	94	4 8 5 1 0 7 2 3 6
160	94	4 8 5 1 7 6 2 3 0
161	95	0 7 8 4 3 5 1 2 6
162	96	4 7 8 1 0 3 2 6 5
163	96	4 7 0 1 3 8 2 6 5
164	97	7 8 5 4 0 1 2 3 6
165	97	7 8 5 4 1 6 2 3 0
166	98	0 1 8 7 4 5 2 3 6
167	98	7 1 8 2 4 5 0 3 6
168	99	7 1 0 4 5 8 2 3 6
169	99	7 1 8 4 5 6 2 3 0
170	100	7 1 8 4 3 5 0 2 6
171	100	7 1 8 4 3 5 2 6 0
172	101	7 8 5 4 0 2 3 1 6
173	101	7 8 5 4 2 6 3 1 0
174	102	0 2 8 7 4 5 3 1 6
175	102	7 2 8 3 4 5 0 1 6
176	103	7 2 0 4 5 8 3 1 6
177	103	7 2 8 4 5 6 3 1 0
178	104	7 2 8 4 1 5 0 3 6
179	104	7 2 8 4 1 5 3 6 0
180	105	4 7 8 3 0 2 1 6 5
181	105	4 7 0 3 2 8 1 6 5
182	106	4 7 0 3 5 8 1 2 6
183	106	4 7 8 3 5 6 1 2 0
184	107	0 4 8 3 7 5 1 2 6
185	107	4 8 0 3 7 5 1 2 6
186	108	2 4 7 5 0 8 3 1 6
187	108	2 4 7 3 5 8 0 1 6
188	109	0 5 7 4 2 8 3 1 6
189	109	4 5 7 3 2 8 0 1 6
190	110	4 5 0 2 8 7 3 1 6
191	110	4 5 7 2 8 6 3 1 0
192	111	4 5 7 2 1 8 0 3 6
193	111	4 5 7 2 1 8 3 6 0
194	112	4 7 8 5 0 6 2 3 1
195	112	0 7 8 4 5 6 2 3 1
196	113	0 7 8 4 2 6 3 5 1
197	113	4 7 8 3 2 6 0 5 1
198	114	0 4 8 2 7 6 3 5 1
199	114	4 8 0 2 7 6 3 5 1
200	115	2 4 0 7 5 8 3 1 6
201	115	2 4 8 7 5 6 3 1 0
202	116	2 8 0 7 4 5 3 1 6
203	117	2 4 8 7 1 5 0 3 6
204	117	2 4 8 7 1 5 3 6 0
205	118	2 4 8 3 7 5 1 6 0
206	118	2 4 8 3 0 5 1 7 6
207	119	0 8 5 4 2 7 3 1 6
208	119	4 8 5 3 2 7 0 1 6
209	120	0 4 5 2 8 7 3 1 6
210	121	4 8 5 2 1 7 0 3 6
211	121	4 8 5 2 1 7 3 6 0
212	122	4 8 5 2 7 6 0 3 1
213	122	4 8 5 2 0 6 3 7 1
214	123	7 8 1 4 0 2 3 6 5
215	123	7 8 1 4 2 5 3 6 0
216	124	0 2 8 7 4 1 3 6 5
217	124	7 2 8 3 4 1 0 6 5
218	125	7 2 0 4 1 8 3 6 5
219	126	7 2 8 4 6 1 0 3 5
220	126	7 2 8 4 6 1 3 5 0
221	127	4 7 8 3 0 2 6 5 1
222	127	4 7 0 3 2 8 6 5 1
223	128	0 7 8 4 3 1 6 2 5
224	128	4 7 8 6 3 1 0 2 5
225	129	4 7 0 3 1 8 6 2 5
226	129	4 7 8 3 1 5 6 2 0
227	130	0 4 8 3 7 1 6 2 5
228	130	4 8 0 3 7 1 6 2 5
229	131	2 4 0 7 1 8 3 6 5
230	132	2 8 0 7 4 1 3 6 5
231	133	2 4 8 7 6 1 0 3 5
232	133	2 4 8 7 6 1 3 5 0
233	134	2 4 8 3 7 1 6 5 0
234	134	2 4 8 3 0 1 6 7 5
235	135	0 8 1 4 2 7 3 6 5
236	135	4 8 1 3 2 7 0 6 5
237	136	0 4 1 2 8 7 3 6 5
238	137	4 8 1 2 6 7 0 3 5
239	137	4 8 1 2 6 7 3 5 0
240	138	4 8 1 2 7 5 0 3 6
241	138	4 8 1 2 0 5 3 7 6
242	139	4 7 0 6 1 8 2 3 5
243	139	4 7 8 6 1 5 2 3 0
244	140	0 4 8 6 7 1 2 3 5
245	140	4 8 0 6 7 1 2 3 5
246	141	4 7 8 6 3 1 2 5 0
247	142	7 8 0 4 6 1 2 3 5
248	142	7 6 8 4 0 1 2 3 5
249	143	0 4 7 2 6 8 3 5 1
250	143	4 6 7 2 0 8 3 5 1
251	144	2 4 0 1 8 7 3 6 5
252	144	2 4 7 1 8 5 3 6 0
253	145	0 2 7 1 4 8 3 6 5
254	145	2 7 0 1 4 8 3 6 5
255	146	2 4 7 1 6 8 0 3 5
256	146	2 4 7 1 6 8 3 5 0
257	147	2 4 7 3 1 8 6 5 0
258	147	2 4 7 3 0 8 6 1 5
259	148	1 7 0 4 2 8 3 6 5
260	148	1 2 7 4 0 8 3 6 5
261	149	4 1 7 3 2 8 6 5 0
262	149	4 1 7 3 0 8 6 2 5
263	150	4 1 7 2 8 5 0 3 6
264	150	4 1 7 2 0 5 3 8 6
265	151	4 1 7 6 0 8 2 3 5
266	151	0 1 7 4 6 8 2 3 5
267	152	4 1 7 2 0 6 3 5 8
268	152	4 1 0 2 6 7 3 5 8
269	153	1 4 7 0 5 8 2 3 6
270	154	4 5 7 0 1 8 2 3 6
271	154	4 5 7 1 8 0 2 3 6
272	154	4 5 7 1 3 8 2 0 6
273	155	4 7 8 0 5 6 1 2 3
274	156	4 7 8 0 1 6 2 5 3
275	156	4 7 8 1 6 0 2 5 3
276	156	4 0 8 1 7 6 2 5 3
277	157	1 4 8 7 5 0 2 3 6
278	157	1 0 8 7 4 5 2 3 6
279	157	1 4 8 7 3 5 2 0 6
280	158	1 4 8 2 7 5 3 0 6
281	159	4 8 5 0 1 7 2 3 6
282	159	4 0 5 1 8 7 2 3 6
283	159	4 8 5 1 3 7 2 0 6
284	160	4 8 5 1 7 6 2 0 3
285	161	7 0 8 4 3 5 1 2 6
286	162	4 7 8 0 1 3 2 6 5
287	162	4 0 8 1 7 3 2 6 5
288	162	4 7 8 1 6 3 2 0 5
289	163	4 0 7 1 3 8 2 6 5
290	164	7 8 5 0 4 1 2 3 6
291	164	7 0 5 4 8 1 2 3 6
292	164	7 8 5 4 3 1 2 0 6
293	165	7 8 5 4 1 6 2 0 3
294	167	7 1 8 2 4 5 3 0 6
295	168	7 0 1 4 5 8 2 3 6
296	169	7 1 8 4 5 6 2 0 3
297	170	7 1 8 0 3 5 4 2 6
298	171	7 1 8 4 3 0 2 6 5
299	172	7 8 5 0 4 2 3 1 6
300	172	7 0 5 4 8 2 3 1 6
301	172	7 8 5 4 1 2 3 0 6
302	173	7 8 5 4 2 6 3 0 1
303	175	7 2 8 3 4 5 1 0 6
304	176	7 0 2 4 5 8 3 1 6
305	177	7 2 8 4 5 6 3 0 1
306	178	7 2 8 0 1 5 4 3 6
307	180	4 7 8 0 3 2 1 6 5
308	180	4 0 8 3 7 2 1 6 5
309	180	4 7 8 3 6 2 1 0 5
310	181	4 0 7 3 2 8 1 6 5
311	182	4 0 7 3 5 8 1 2 6
312	183	4 7 8 3 5 6 1 0 2
313	184	3 4 8 0 7 5 1 2 6
314	185	4 8 5 3 7 0 1 2 6
315	186	2 4 7 5 8 0 3 1 6
316	186	2 0 7 5 4 8 3 1 6
317	186	2 4 7 5 1 8 3 0 6
318	187	2 4 7 3 5 8 1 0 6
319	188	5 0 7 4 2 8 3 1 6
320	189	4 5 7 3 2 8 1 0 6
321	191	4 5 7 2 8 6 3 0 1
322	193	4 5 7 2 1 0 3 6 8
323	194	4 7 8 5 6 0 2 3 1
324	194	4 0 8 5 7 6 2 3 1
325	194	4 7 8 5 3 6 2 0 1
326	195	7 0 8 4 5 6 2 3 1
327	196	7 0 8 4 2 6 3 5 1
328	197	4 7 8 3 2 6 5 0 1
329	198	2 4 8 0 7 6 3 5 1
330	199	4 8 6 2 7 0 3 5 1
331	200	2 0 4 7 5 8 3 1 6
332	201	2 4 8 7 5 6 3 0 1
333	202	2 8 5 7 4 0 3 1 6
334	203	2 4 8 0 1 5 7 3 6
335	205	2 4 8 3 7 0 1 6 5
336	206	2 4 8 0 3 5 1 7 6
337	206	2 4 8 3 5 0 1 7 6
338	206	2 0 8 3 4 5 1 7 6
339	207	8 0 5 4 2 7 3 1 6
340	208	4 8 5 3 2 7 1 0 6
341	209	2 4 5 0 8 7 3 1 6
342	211	4 8 5 2 1 0 3 6 7
343	212	4 8 5 0 7 6 2 3 1
344	213	4 8 5 0 2 6 3 7 1
345	213	4 8 5 2 6 0 3 7 1
346	213	4 0 5 2 8 6 3 7 1
347	214	7 8 1 0 4 2 3 6 5
348	214	7 0 1 4 8 2 3 6 5
349	214	7 8 1 4 6 2 3 0 5
350	215	7 8 1 4 2 5 3 0 6
351	217	7 2 8 3 4 1 6 0 5
352	218	7 0 2 4 1 8 3 6 5
353	219	7 2 8 0 6 1 4 3 5
354	220	7 2 8 4 6 0 3 5 1
355	221	4 7 8 0 3 2 6 5 1
356	221	4 0 8 3 7 2 6 5 1
357	221	4 7 8 3 5 2 6 0 1
358	222	4 0 7 3 2 8 6 5 1
359	223	7 0 8 4 3 1 6 2 5
360	225	4 0 7 3 1 8 6 2 5
361	226	4 7 8 3 1 5 6 0 2
362	227	3 4 8 0 7 1 6 2 5
363	228	4 8 1 3 7 0 6 2 5
364	229	2 0 4 7 1 8 3 6 5
365	230	2 8 1 7 4 0 3 6 5
366	231	2 4 8 0 6 1 7 3 5
367	232	2 4 8 7 6 0 3 5 1
368	233	2 4 8 3 7 0 6 5 1
369	234	2 4 8 0 3 1 6 7 5
370	234	2 4 8 3 1 0 6 7 5
371	234	2 0 8 3 4 1 6 7 5
372	235	8 0 1 4 2 7 3 6 5
373	236	4 8 1 3 2 7 6 0 5
374	237	2 4 1 0 8 7 3 6 5
375	238	4 8 1 0 6 7 2 3 5
376	239	4 8 1 2 6 0 3 5 7
377	240	4 8 1 0 7 5 2 3 6
378	241	4 8 1 0 2 5 3 7 6
379	241	4 8 1 2 5 0 3 7 6
380	241	4 0 1 2 8 5 3 7 6
381	242	4 0 7 6 1 8 2 3 5
382	243	4 7 8 6 1 5 2 0 3
383	244	6 4 8 0 7 1 2 3 5
384	245	4 8 1 6 7 0 2 3 5
385	246	4 7 8 6 3 0 2 5 1
386	247	7 8 1 4 6 0 2 3 5
387	248	7 6 8 0 4 1 2 3 5
388	248	7 6 8 4 1 0 2 3 5
389	248	7 6 8 4 3 1 2 0 5
390	249	2 4 7 0 6 8 3 5 1
391	250	4 6 7 0 2 8 3 5 1
392	250	4 6 7 2 8 0 3 5 1
393	250	4 6 7 2 5 8 3 0 1
394	251	2 0 4 1 8 7 3 6 5
395	252	2 4 7 1 8 5 3 0 6
396	253	1 2 7 0 4 8 3 6 5
397	254	2 7 8 1 4 0 3 6 5
398	255	2 4 7 0 6 8 1 3 5
399	256	2 4 7 1 6 0 3 5 8
400	257	2 4 7 3 1 0 6 5 8
401	258	2 4 7 0 3 8 6 1 5
402	258	2 4 7 3 8 0 6 1 5
403	258	2 0 7 3 4 8 6 1 5
404	259	1 7 8 4 2 0 3 6 5
405	260	1 2 7 4 8 0 3 6 5
406	260	1 2 7 4 6 8 3 0 5
407	261	4 1 7 3 2 0 6 5 8
408	262	4 1 7 0 3 8 6 2 5
409	262	4 1 7 3 8 0 6 2 5
410	263	4 1 7 0 8 5 2 3 6
411	264	4 1 7 0 2 5 3 8 6
412	264	4 1 7 2 5 0 3 8 6
413	264	4 0 7 2 1 5 3 8 6
414	265	4 1 7 6 8 0 2 3 5
415	265	4 1 7 6 3 8 2 0 5
416	266	1 0 7 4 6 8 2 3 5
417	267	4 1 7 0 2 6 3 5 8
418	267	4 0 7 2 1 6 3 5 8
419	267	4 1 7 2 5 6 3 0 8
420	268	4 0 1 2 6 7 3 5 8
421	269	1 4 7 5 0 8 2 3 6
422	269	1 4 7 2 5 8 0 3 6
423	270	0 5 7 4 1 8 2 3 6
424	271	4 5 0 1 8 7 2 3 6
425	271	4 5 7 1 8 6 2 3 0
426	272	4 5 7 1 3 8 0 2 6
427	272	4 5 7 1 3 8 2 6 0
428	273	4 7 8 5 0 6 1 2 3
429	273	0 7 8 4 5 6 1 2 3
430	274	0 7 8 4 1 6 2 5 3
431	274	4 7 8 2 1 6 0 5 3
432	275	4 7 0 1 6 8 2 5 3
433	275	4 7 8 1 6 3 2 5 0
434	276	0 4 8 1 7 6 2 5 3
435	276	4 8 0 1 7 6 2 5 3
436	277	1 4 0 7 5 8 2 3 6
437	277	1 4 8 7 5 6 2 3 0
438	278	1 8 0 7 4 5 2 3 6
439	279	1 4 8 7 3 5 0 2 6
440	279	1 4 8 7 3 5 2 6 0
441	280	1 4 8 2 7 5 3 6 0
442	280	1 4 8 2 0 5 3 7 6
443	281	0 8 5 4 1 7 2 3 6
444	282	0 4 5 1 8 7 2 3 6
445	283	4 8 5 1 3 7 0 2 6
446	283	4 8 5 1 3 7 2 6 0
447	284	4 8 5 1 7 6 0 2 3
448	284	4 8 5 1 0 6 2 7 3
449	285	7 8 0 4 3 5 1 2 6
450	285	7 3 8 4 0 5 1 2 6
451	286	0 7 8 4 1 3 2 6 5
452	286	4 7 8 2 1 3 0 6 5
453	287	0 4 8 1 7 3 2 6 5
454	287	4 8 0 1 7 3 2 6 5
455	288	4 7 8 1 6 3 0 2 5
456	289	0 4 7 1 3 8 2 6 5
457	289	4 3 7 1 0 8 2 6 5
458	290	0 8 5 7 4 1 2 3 6
459	290	7 8 5 2 4 1 0 3 6
460	291	0 7 5 4 8 1 2 3 6
461	291	7 5 0 4 8 1 2 3 6
462	292	7 8 5 4 3 1 0 2 6
463	292	7 8 5 4 3 1 2 6 0
464	293	7 8 5 4 1 6 0 2 3
465	293	7 8 5 4 0 6 2 1 3
466	294	7 1 8 2 4 5 3 6 0
467	294	7 1 8 2 0 5 3 4 6
468	295	0 7 1 4 5 8 2 3 6
469	295	7 5 1 4 0 8 2 3 6
470	296	7 1 8 4 5 6 0 2 3
471	296	7 1 8 4 0 6 2 5 3
472	297	7 1 8 3 0 5 4 2 6
473	297	0 1 8 7 3 5 4 2 6
474	298	7 1 8 4 0 3 2 6 5
475	298	7 1 0 4 3 8 2 6 5
476	299	0 8 5 7 4 2 3 1 6
477	299	7 8 5 3 4 2 0 1 6
478	300	0 7 5 4 8 2 3 1 6
479	300	7 5 0 4 8 2 3 1 6
480	301	7 8 5 4 1 2 0 3 6
481	301	7 8 5 4 1 2 3 6 0
482	302	7 8 5 4 2 6 0 3 1
483	302	7 8 5 4 0 6 3 2 1
484	303	7 2 8 3 4 5 1 6 0
485	303	7 2 8 3 0 5 1 4 6
486	304	0 7 2 4 5 8 3 1 6
487	304	7 5 2 4 0 8 3 1 6
488	305	7 2 8 4 5 6 0 3 1
489	305	7 2 8 4 0 6 3 5 1
490	306	7 2 8 1 0 5 4 3 6
491	306	0 2 8 7 1 5 4 3 6
492	307	0 7 8 4 3 2 1 6 5
493	307	4 7 8 1 3 2 0 6 5
494	308	0 4 8 3 7 2 1 6 5
495	308	4 8 0 3 7 2 1 6 5
496	309	4 7 8 3 6 2 0 1 5
497	309	4 7 8 3 6 2 1 5 0
498	310	0 4 7 3 2 8 1 6 5
499	310	4 2 7 3 0 8 1 6 5
500	311	0 4 7 3 5 8 1 2 6
501	311	4 5 7 3 0 8 1 2 6
502	312	4 7 8 3 5 6 0 1 2
503	312	4 7 8 3 0 6 1 5 2
504	313	3 4 8 7 0 5 1 2 6
505	313	3 4 8 1 7 5 0 2 6
506	314	4 8 5 3 0 7 1 2 6
507	314	4 8 5 3 7 6 1 2 0
508	315	2 4 0 5 8 7 3 1 6
509	315	2 4 7 5 8 6 3 1 0
510	316	0 2 7 5 4 8 3 1 6
511	316	2 7 0 5 4 8 3 1 6
512	317	2 4 7 5 1 8 0 3 6
513	317	2 4 7 5 1 8 3 6 0
514	318	2 4 7 3 5 8 1 6 0
515	318	2 4 7 3 0 8 1 5 6
516	319	5 7 0 4 2 8 3 1 6
517	319	5 2 7 4 0 8 3 1 6
518	320	4 5 7 3 2 8 1 6 0
519	321	4 5 7 2 8 6 0 3 1
520	321	4 5 7 2 0 6 3 8 1
521	322	4 5 7 2 0 1 3 6 8
522	322	4 5 0 2 1 7 3 6 8
523	323	4 7 0 5 6 8 2 3 1
524	323	4 7 8 5 6 1 2 3 0
525	324	0 4 8 5 7 6 2 3 1
526	324	4 8 0 5 7 6 2 3 1
527	325	4 7 8 5 3 6 0 2 1
528	325	4 7 8 5 3 6 2 1 0
529	326	7 8 0 4 5 6 2 3 1
530	326	7 5 8 4 0 6 2 3 1
531	327	7 8 0 4 2 6 3 5 1
532	328	4 7 8 3 2 6 5 1 0
533	328	4 7 8 3 0 6 5 2 1
534	329	2 4 8 7 0 6 3 5 1
535	329	2 4 8 3 7 6 0 5 1
536	330	4 8 6 2 0 7 3 5 1
537	330	4 8 6 2 7 1 3 5 0
538	331	0 2 4 7 5 8 3 1 6
539	331	2 5 4 7 0 8 3 1 6
540	332	2 4 8 7 5 6 0 3 1
541	333	2 8 5 7 0 4 3 1 6
542	333	2 8 5 7 4 6 3 1 0
543	334	2 4 8 1 0 5 7 3 6
544	334	0 4 8 2 1 5 7 3 6
545	335	2 4 8 3 0 7 1 6 5
546	335	2 4 0 3 7 8 1 6 5
547	336	0 4 8 2 3 5 1 7 6
548	336	2 4 8 1 3 5 0 7 6
549	337	2 4 0 3 5 8 1 7 6
550	337	2 4 8 3 5 6 1 7 0
551	338	0 2 8 3 4 5 1 7 6
552	338	2 8 0 3 4 5 1 7 6
553	339	8 5 0 4 2 7 3 1 6
554	339	8 2 5 4 0 7 3 1 6
555	340	4 8 5 3 2 7 1 6 0
556	341	2 4 5 8 0 7 3 1 6
557	341	2 4 5 3 8 7 0 1 6
558	342	4 8 5 2 0 1 3 6 7
559	342	4 8 0 2 1 5 3 6 7
560	343	4 8 5 7 0 6 2 3 1
561	343	0 8 5 4 7 6 2 3 1
562	344	0 8 5 4 2 6 3 7 1
563	344	4 8 5 3 2 6 0 7 1
564	345	4 8 0 2 6 5 3 7 1
565	345	4 8 5 2 6 1 3 7 0
566	346	0 4 5 2 8 6 3 7 1
567	346	4 5 0 2 8 6 3 7 1
568	347	0 8 1 7 4 2 3 6 5
569	347	7 8 1 3 4 2 0 6 5
570	348	0 7 1 4 8 2 3 6 5
571	348	7 1 0 4 8 2 3 6 5
572	349	7 8 1 4 6 2 0 3 5
573	349	7 8 1 4 6 2 3 5 0
574	350	7 8 1 4 2 5 0 3 6
575	350	7 8 1 4 0 5 3 2 6
576	351	7 2 8 3 4 1 6 5 0
577	351	7 2 8 3 0 1 6 4 5
578	352	0 7 2 4 1 8 3 6 5
579	352	7 1 2 4 0 8 3 6 5
580	353	7 2 8 6 0 1 4 3 5
581	353	0 2 8 7 6 1 4 3 5
582	354	7 2 0 4 6 8 3 5 1
583	355	0 7 8 4 3 2 6 5 1
584	355	4 7 8 6 3 2 0 5 1
585	356	0 4 8 3 7 2 6 5 1
586	356	4 8 0 3 7 2 6 5 1
587	357	4 7 8 3 5 2 0 6 1
588	357	4 7 8 3 5 2 6 1 0
589	358	0 4 7 3 2 8 6 5 1
590	358	4 2 7 3 0 8 6 5 1
591	359	7 8 0 4 3 1 6 2 5
592	359	7 3 8 4 0 1 6 2 5
593	360	0 4 7 3 1 8 6 2 5
594	361	4 7 8 3 1 5 0 6 2
595	361	4 7 8 3 0 5 6 1 2
596	362	3 4 8 7 0 1 6 2 5
597	362	3 4 8 6 7 1 0 2 5
598	363	4 8 1 3 0 7 6 2 5
599	363	4 8 1 3 7 5 6 2 0
600	364	0 2 4 7 1 8 3 6 5
601	364	2 1 4 7 0 8 3 6 5
602	365	2 8 1 7 0 4 3 6 5
603	365	2 8 1 7 4 5 3 6 0
604	366	2 4 8 6 0 1 7 3 5
605	366	0 4 8 2 6 1 7 3 5
606	367	2 4 0 7 6 8 3 5 1
607	368	2 4 8 3 0 7 6 5 1
608	368	2 4 0 3 7 8 6 5 1
609	369	0 4 8 2 3 1 6 7 5
610	369	2 4 8 6 3 1 0 7 5
611	370	2 4 0 3 1 8 6 7 5
612	370	2 4 8 3 1 5 6 7 0
613	371	0 2 8 3 4 1 6 7 5
614	371	2 8 0 3 4 1 6 7 5
615	372	8 1 0 4 2 7 3 6 5
616	372	8 2 1 4 0 7 3 6 5
617	373	4 8 1 3 2 7 6 5 0
618	374	2 4 1 8 0 7 3 6 5
619	374	2 4 1 3 8 7 0 6 5
620	375	4 8 1 6 0 7 2 3 5
621	375	0 8 1 4 6 7 2 3 5
622	376	4 8 1 2 0 6 3 5 7
623	376	4 8 0 2 6 1 3 5 7
624	377	4 8 1 7 0 5 2 3 6
625	377	0 8 1 4 7 5 2 3 6
626	378	0 8 1 4 2 5 3 7 6
627	378	4 8 1 3 2 5 0 7 6
628	379	4 8 0 2 5 1 3 7 6
629	379	4 8 1 2 5 6 3 7 0
630	380	0 4 1 2 8 5 3 7 6
631	380	4 1 0 2 8 5 3 7 6
632	381	0 4 7 6 1 8 2 3 5
633	382	4 7 8 6 1 5 0 2 3
634	382	4 7 8 6 0 5 2 1 3
635	383	6 4 8 7 0 1 2 3 5
636	383	6 4 8 2 7 1 0 3 5
637	384	4 8 1 6 7 5 2 3 0
638	385	4 7 8 6 0 3 2 5 1
639	385	4 7 0 6 3 8 2 5 1
640	386	7 8 1 4 0 6 2 3 5
641	386	7 8 1 4 6 5 2 3 0
642	387	0 6 8 7 4 1 2 3 5
643	387	7 6 8 2 4 1 0 3 5
644	388	7 6 0 4 1 8 2 3 5
645	388	7 6 8 4 1 5 2 3 0
646	389	7 6 8 4 3 1 0 2 5
647	389	7 6 8 4 3 1 2 5 0
648	390	2 4 7 6 0 8 3 5 1
649	390	2 4 7 3 6 8 0 5 1
650	391	0 6 7 4 2 8 3 5 1
651	391	4 6 7 3 2 8 0 5 1
652	392	4 6 0 2 8 7 3 5 1
653	392	4 6 7 2 8 1 3 5 0
654	393	4 6 7 2 5 8 0 3 1
655	393	4 6 7 2 5 8 3 1 0
656	394	0 2 4 1 8 7 3 6 5
657	394	2 8 4 1 0 7 3 6 5
658	395	2 4 7 1 8 5 0 3 6
659	395	2 4 7 1 0 5 3 8 6
660	396	1 2 7 3 4 8 0 6 5
661	397	2 7 8 1 0 4 3 6 5
662	397	2 7 8 1 4 5 3 6 0
663	398	2 4 7 6 0 8 1 3 5
664	398	0 4 7 2 6 8 1 3 5
665	399	2 4 7 1 0 6 3 5 8
666	399	2 4 0 1 6 7 3 5 8
667	400	2 4 7 3 0 1 6 5 8
668	400	2 4 0 3 1 7 6 5 8
669	401	0 4 7 2 3 8 6 1 5
670	401	2 4 7 6 3 8 0 1 5
671	402	2 4 0 3 8 7 6 1 5
672	402	2 4 7 3 8 5 6 1 0
673	403	0 2 7 3 4 8 6 1 5
674	403	2 7 0 3 4 8 6 1 5
675	404	1 7 8 4 0 2 3 6 5
676	404	1 7 8 4 2 5 3 6 0
677	405	1 2 0 4 8 7 3 6 5
678	405	1 2 7 4 8 5 3 6 0
679	406	1 2 7 4 6 8 0 3 5
680	406	1 2 7 4 6 8 3 5 0
681	407	4 1 7 3 0 2 6 5 8
682	407	4 1 0 3 2 7 6 5 8
683	408	0 1 7 4 3 8 6 2 5
684	408	4 1 7 6 3 8 0 2 5
685	409	4 1 0 3 8 7 6 2 5
686	409	4 1 7 3 8 5 6 2 0
687	410	4 1 7 8 0 5 2 3 6
688	410	0 1 7 4 8 5 2 3 6
689	411	0 1 7 4 2 5 3 8 6
690	411	4 1 7 3 2 5 0 8 6
691	412	4 1 0 2 5 7 3 8 6
692	412	4 1 7 2 5 6 3 8 0
693	413	0 4 7 2 1 5 3 8 6
694	413	4 7 0 2 1 5 3 8 6
695	414	4 1 0 6 8 7 2 3 5
696	414	4 1 7 6 8 5 2 3 0
697	415	4 1 7 6 3 8 2 5 0
698	416	1 7 0 4 6 8 2 3 5
699	416	1 6 7 4 0 8 2 3 5
700	417	0 1 7 4 2 6 3 5 8
701	417	4 1 7 3 2 6 0 5 8
702	418	0 4 7 2 1 6 3 5 8
703	418	4 7 0 2 1 6 3 5 8
704	419	4 1 7 2 5 6 0 3 8
705	420	0 4 1 2 6 7 3 5 8
706	420	4 6 1 2 0 7 3 5 8
707	421	1 4 7 5 8 0 2 3 6
708	421	1 0 7 5 4 8 2 3 6
709	421	1 4 7 5 3 8 2 0 6
710	422	1 4 7 2 5 8 3 0 6
711	423	5 0 7 4 1 8 2 3 6
712	425	4 5 7 1 8 6 2 0 3
713	426	4 5 7 0 3 8 1 2 6
714	427	4 5 7 1 3 0 2 6 8
715	428	4 7 8 5 6 0 1 2 3
716	428	4 0 8 5 7 6 1 2 3
717	428	4 7 8 5 2 6 1 0 3
718	429	7 0 8 4 5 6 1 2 3
719	430	7 0 8 4 1 6 2 5 3
720	431	4 7 8 2 1 6 5 0 3
721	432	4 0 7 1 6 8 2 5 3
722	434	1 4 8 0 7 6 2 5 3
723	435	4 8 6 1 7 0 2 5 3
724	436	1 0 4 7 5 8 2 3 6
725	437	1 4 8 7 5 6 2 0 3
726	438	1 8 5 7 4 0 2 3 6
727	439	1 4 8 0 3 5 7 2 6
728	440	1 4 8 7 3 0 2 6 5
729	441	1 4 8 2 7 0 3 6 5
730	442	1 4 8 0 2 5 3 7 6
731	442	1 4 8 2 5 0 3 7 6
732	442	1 0 8 2 4 5 3 7 6
733	443	8 0 5 4 1 7 2 3 6
734	444	1 4 5 0 8 7 2 3 6
735	445	4 8 5 0 3 7 1 2 6
736	446	4 8 5 1 3 0 2 6 7
737	447	4 8 5 0 7 6 1 2 3
738	448	4 8 5 0 1 6 2 7 3
739	448	4 8 5 1 6 0 2 7 3
740	448	4 0 5 1 8 6 2 7 3
741	449	7 8 5 4 3 0 1 2 6
742	450	7 3 8 0 4 5 1 2 6
743	450	7 3 8 4 5 0 1 2 6
744	450	7 3 8 4 2 5 1 0 6
745	451	7 0 8 4 1 3 2 6 5
746	452	4 7 8 2 1 3 6 0 5
747	453	1 4 8 0 7 3 2 6 5
748	454	4 8 3 1 7 0 2 6 5
749	455	4 7 8 0 6 3 1 2 5
750	456	1 4 7 0 3 8 2 6 5
751	457	4 3 7 0 1 8 2 6 5
752	457	4 3 7 1 8 0 2 6 5
753	457	4 3 7 1 6 8 2 0 5
754	458	8 0 5 7 4 1 2 3 6
755	459	7 8 5 2 4 1 3 0 6
756	460	4 7 5 0 8 1 2 3 6
757	461	7 5 1 4 8 0 2 3 6
758	462	7 8 5 0 3 1 4 2 6
759	463	7 8 5 4 3 0 2 6 1
760	464	7 8 5 0 1 6 4 2 3
761	465	7 8 5 0 4 6 2 1 3
762	465	7 8 5 4 6 0 2 1 3
763	465	7 0 5 4 8 6 2 1 3
764	466	7 1 8 2 4 0 3 6 5
765	467	7 1 8 0 2 5 3 4 6
766	467	7 1 8 2 5 0 3 4 6
767	467	7 0 8 2 1 5 3 4 6
768	468	4 7 1 0 5 8 2 3 6
769	469	7 5 1 0 4 8 2 3 6
770	469	7 5 1 4 3 8 2 0 6
771	470	7 1 8 0 5 6 4 2 3
772	471	7 1 8 0 4 6 2 5 3
773	471	7 1 8 4 6 0 2 5 3
774	472	7 1 8 3 5 0 4 2 6
775	472	7 0 8 3 1 5 4 2 6
776	472	7 1 8 3 2 5 4 0 6
777	473	1 0 8 7 3 5 4 2 6
778	474	7 1 8 0 4 3 2 6 5
779	474	7 1 8 4 6 3 2 0 5
780	475	7 0 1 4 3 8 2 6 5
781	476	8 0 5 7 4 2 3 1 6
782	477	7 8 5 3 4 2 1 0 6
783	478	4 7 5 0 8 2 3 1 6
784	479	7 5 2 4 8 0 3 1 6
785	480	7 8 5 0 1 2 4 3 6
786	481	7 8 5 4 1 0 3 6 2
787	482	7 8 5 0 2 6 4 3 1
788	483	7 8 5 0 4 6 3 2 1
789	483	7 8 5 4 6 0 3 2 1
790	483	7 0 5 4 8 6 3 2 1
791	484	7 2 8 3 4 0 1 6 5
792	485	7 2 8 0 3 5 1 4 6
793	485	7 2 8 3 5 0 1 4 6
794	485	7 0 8 3 2 5 1 4 6
795	486	4 7 2 0 5 8 3 1 6
796	487	7 5 2 0 4 8 3 1 6
797	487	7 5 2 4 1 8 3 0 6
798	488	7 2 8 0 5 6 4 3 1
799	489	7 2 8 0 4 6 3 5 1
800	490	7 2 8 1 5 0 4 3 6
801	490	7 0 8 1 2 5 4 3 6
802	490	7 2 8 1 3 5 4 0 6
803	491	2 0 8 7 1 5 4 3 6
804	492	7 0 8 4 3 2 1 6 5
805	493	4 7 8 1 3 2 6 0 5
806	494	3 4 8 0 7 2 1 6 5
807	495	4 8 2 3 7 0 1 6 5
808	496	4 7 8 0 6 2 3 1 5
809	497	4 7 8 3 6 0 1 5 2
810	498	3 4 7 0 2 8 1 6 5
811	499	4 2 7 0 3 8 1 6 5
812	499	4 2 7 3 8 0 1 6 5
813	499	4 2 7 3 6 8 1 0 5
814	500	3 4 7 0 5 8 1 2 6
815	501	4 5 7 3 8 0 1 2 6
816	502	4 7 8 0 5 6 3 1 2
817	503	4 7 8 0 3 6 1 5 2
818	503	4 0 8 3 7 6 1 5 2
819	504	3 4 8 7 5 0 1 2 6
820	504	3 0 8 7 4 5 1 2 6
821	504	3 4 8 7 2 5 1 0 6
822	505	3 4 8 1 7 5 2 0 6
823	506	4 0 5 3 8 7 1 2 6
824	507	4 8 5 3 7 6 1 0 2
825	508	2 0 4 5 8 7 3 1 6
826	509	2 4 7 5 8 6 3 0 1
827	510	5 2 7 0 4 8 3 1 6
828	511	2 7 8 5 4 0 3 1 6
829	512	2 4 7 0 1 8 5 3 6
830	513	2 4 7 5 1 0 3 6 8
831	514	2 4 7 3 5 0 1 6 8
832	515	2 4 7 0 3 8 1 5 6
833	515	2 4 7 3 8 0 1 5 6
834	515	2 0 7 3 4 8 1 5 6
835	516	5 7 8 4 2 0 3 1 6
836	517	5 2 7 4 8 0 3 1 6
837	517	5 2 7 4 1 8 3 0 6
838	518	4 5 7 3 2 0 1 6 8
839	519	4 5 7 0 8 6 2 3 1
840	520	4 5 7 0 2 6 3 8 1
841	520	4 5 7 2 6 0 3 8 1
842	520	4 0 7 2 5 6 3 8 1
843	521	4 5 7 0 2 1 3 6 8
844	521	4 0 7 2 5 1 3 6 8
845	521	4 5 7 2 6 1 3 0 8
846	522	4 0 5 2 1 7 3 6 8
847	523	4 0 7 5 6 8 2 3 1
848	524	4 7 8 5 6 1 2 0 3
849	525	5 4 8 0 7 6 2 3 1
850	526	4 8 6 5 7 0 2 3 1
851	527	4 7 8 0 3 6 5 2 1
852	528	4 7 8 5 3 0 2 1 6
853	529	7 8 6 4 5 0 2 3 1
854	530	7 5 8 0 4 6 2 3 1
855	530	7 5 8 4 6 0 2 3 1
856	530	7 5 8 4 3 6 2 0 1
857	531	7 8 6 4 2 0 3 5 1
858	532	4 7 8 3 2 0 5 1 6
859	533	4 7 8 3 6 0 5 2 1
860	533	4 0 8 3 7 6 5 2 1
861	534	2 0 8 7 4 6 3 5 1
862	535	2 4 8 3 7 6 5 0 1
863	536	4 8 6 0 2 7 3 5 1
864	536	4 0 6 2 8 7 3 5 1
865	536	4 8 6 2 5 7 3 0 1
866	537	4 8 6 2 7 1 3 0 5
867	538	7 2 4 0 5 8 3 1 6
868	539	2 5 4 0 7 8 3 1 6
869	539	2 5 4 7 8 0 3 1 6
870	539	2 5 4 7 1 8 3 0 6
871	540	2 4 8 0 5 6 7 3 1
872	541	2 8 5 0 7 4 3 1 6
873	541	2 0 5 7 8 4 3 1 6
874	541	2 8 5 7 1 4 3 0 6
875	542	2 8 5 7 4 6 3 0 1
876	543	2 4 8 1 5 0 7 3 6
877	543	2 0 8 1 4 5 7 3 6
878	543	2 4 8 1 3 5 7 0 6
879	544	4 0 8 2 1 5 7 3 6
880	545	2 4 8 0 3 7 1 6 5
881	545	2 0 8 3 4 7 1 6 5
882	545	2 4 8 3 6 7 1 0 5
883	546	2 0 4 3 7 8 1 6 5
884	547	4 0 8 2 3 5 1 7 6
885	549	2 0 4 3 5 8 1 7 6
886	550	2 4 8 3 5 6 1 0 7
887	551	3 2 8 0 4 5 1 7 6
888	552	2 8 5 3 4 0 1 7 6
889	553	8 5 7 4 2 0 3 1 6
890	554	8 2 5 0 4 7 3 1 6
891	554	8 2 5 4 7 0 3 1 6
892	554	8 2 5 4 1 7 3 0 6
893	555	4 8 5 3 2 0 1 6 7
894	556	2 4 5 8 7 0 3 1 6
895	556	2 0 5 8 4 7 3 1 6
896	556	2 4 5 8 1 7 3 0 6
897	557	2 4 5 3 8 7 1 0 6
898	558	4 8 5 0 2 1 3 6 7
899	558	4 0 5 2 8 1 3 6 7
900	558	4 8 5 2 6 1 3 0 7
901	559	4 0 8 2 1 5 3 6 7
902	560	4 8 5 7 6 0 2 3 1
903	560	4 0 5 7 8 6 2 3 1
904	560	4 8 5 7 3 6 2 0 1
905	561	8 0 5 4 7 6 2 3 1
906	562	8 0 5 4 2 6 3 7 1
907	563	4 8 5 3 2 6 7 0 1
908	564	4 0 8 2 6 5 3 7 1
909	566	2 4 5 0 8 6 3 7 1
910	567	4 5 6 2 8 0 3 7 1
911	568	8 0 1 7 4 2 3 6 5
912	569	7 8 1 3 4 2 6 0 5
913	570	4 7 1 0 8 2 3 6 5
914	571	7 1 2 4 8 0 3 6 5
915	572	7 8 1 0 6 2 4 3 5
916	573	7 8 1 4 6 0 3 5 2
917	574	7 8 1 0 2 5 4 3 6
918	575	7 8 1 0 4 5 3 2 6
919	575	7 8 1 4 5 0 3 2 6
920	575	7 0 1 4 8 5 3 2 6
921	576	7 2 8 3 4 0 6 5 1
922	577	7 2 8 0 3 1 6 4 5
923	577	7 2 8 3 1 0 6 4 5
924	577	7 0 8 3 2 1 6 4 5
925	578	4 7 2 0 1 8 3 6 5
926	579	7 1 2 0 4 8 3 6 5
927	579	7 1 2 4 6 8 3 0 5
928	580	7 2 8 6 1 0 4 3 5
929	580	7 0 8 6 2 1 4 3 5
930	580	7 2 8 6 3 1 4 0 5
931	581	2 0 8 7 6 1 4 3 5
932	582	7 0 2 4 6 8 3 5 1
933	583	7 0 8 4 3 2 6 5 1
934	584	4 7 8 6 3 2 5 0 1
935	585	3 4 8 0 7 2 6 5 1
936	586	4 8 2 3 7 0 6 5 1
937	587	4 7 8 0 5 2 3 6 1
938	588	4 7 8 3 5 0 6 1 2
939	589	3 4 7 0 2 8 6 5 1
940	590	4 2 7 0 3 8 6 5 1
941	590	4 2 7 3 8 0 6 5 1
942	590	4 2 7 3 5 8 6 0 1
943	591	7 8 1 4 3 0 6 2 5
944	592	7 3 8 0 4 1 6 2 5
945	592	7 3 8 4 1 0 6 2 5
946	592	7 3 8 4 2 1 6 0 5
947	593	3 4 7 0 1 8 6 2 5
948	594	4 7 8 0 1 5 3 6 2
949	595	4 7 8 0 3 5 6 1 2
950	595	4 0 8 3 7 5 6 1 2
951	596	3 4 8 7 1 0 6 2 5
952	596	3 0 8 7 4 1 6 2 5
953	596	3 4 8 7 2 1 6 0 5
954	597	3 4 8 6 7 1 2 0 5
955	598	4 8 1 0 3 7 6 2 5
956	598	4 0 1 3 8 7 6 2 5
957	599	4 8 1 3 7 5 6 0 2
958	600	7 2 4 0 1 8 3 6 5
959	601	2 1 4 0 7 8 3 6 5
960	601	2 1 4 7 8 0 3 6 5
961	601	2 1 4 7 6 8 3 0 5
962	602	2 8 1 0 7 4 3 6 5
963	602	2 0 1 7 8 4 3 6 5
964	602	2 8 1 7 6 4 3 0 5
965	603	2 8 1 7 4 5 3 0 6
966	604	2 4 8 6 1 0 7 3 5
967	604	2 0 8 6 4 1 7 3 5
968	604	2 4 8 6 3 1 7 0 5
969	605	4 0 8 2 6 1 7 3 5
970	606	2 0 4 7 6 8 3 5 1
971	607	2 4 8 0 3 7 6 5 1
972	607	2 0 8 3 4 7 6 5 1
973	607	2 4 8 3 5 7 6 0 1
974	608	2 0 4 3 7 8 6 5 1
975	609	4 0 8 2 3 1 6 7 5
976	611	2 0 4 3 1 8 6 7 5
977	612	2 4 8 3 1 5 6 0 7
978	613	3 2 8 0 4 1 6 7 5
979	614	2 8 1 3 4 0 6 7 5
980	615	8 1 7 4 2 0 3 6 5
981	616	8 2 1 0 4 7 3 6 5
982	616	8 2 1 4 7 0 3 6 5
983	616	8 2 1 4 6 7 3 0 5
984	617	4 8 1 3 2 0 6 5 7
985	618	2 4 1 8 7 0 3 6 5
986	618	2 0 1 8 4 7 3 6 5
987	618	2 4 1 8 6 7 3 0 5
988	619	2 4 1 3 8 7 6 0 5
989	620	4 0 1 6 8 7 2 3 5
990	620	4 8 1 6 3 7 2 0 5
991	621	8 0 1 4 6 7 2 3 5
992	622	4 8 1 0 2 6 3 5 7
993	622	4 0 1 2 8 6 3 5 7
994	622	4 8 1 2 5 6 3 0 7
995	623	4 0 8 2 6 1 3 5 7
996	624	4 8 1 7 5 0 2 3 6
997	624	4 0 1 7 8 5 2 3 6
998	624	4 8 1 7 3 5 2 0 6
999	625	8 0 1 4 7 5 2 3 6
1000	626	8 0 1 4 2 5 3 7 6
1001	627	4 8 1 3 2 5 7 0 6
1002	628	4 0 8 2 5 1 3 7 6
1003	630	2 4 1 0 8 5 3 7 6
1004	631	4 1 5 2 8 0 3 7 6
1005	632	6 4 7 0 1 8 2 3 5
1006	633	4 7 8 0 1 5 6 2 3
1007	634	4 7 8 0 6 5 2 1 3
1008	634	4 7 8 6 5 0 2 1 3
1009	634	4 0 8 6 7 5 2 1 3
1010	635	6 4 8 7 1 0 2 3 5
1011	635	6 0 8 7 4 1 2 3 5
1012	635	6 4 8 7 3 1 2 0 5
1013	636	6 4 8 2 7 1 3 0 5
1014	637	4 8 1 6 7 5 2 0 3
1015	638	4 7 8 0 6 3 2 5 1
1016	638	4 0 8 6 7 3 2 5 1
1017	638	4 7 8 6 5 3 2 0 1
1018	639	4 0 7 6 3 8 2 5 1
1019	640	7 8 1 0 4 6 2 3 5
1020	640	7 0 1 4 8 6 2 3 5
1021	640	7 8 1 4 3 6 2 0 5
1022	641	7 8 1 4 6 5 2 0 3
1023	643	7 6 8 2 4 1 3 0 5
1024	644	7 0 6 4 1 8 2 3 5
1025	645	7 6 8 4 1 5 2 0 3
1026	646	7 6 8 0 3 1 4 2 5
1027	647	7 6 8 4 3 0 2 5 1
1028	648	2 4 7 6 8 0 3 5 1
1029	648	2 0 7 6 4 8 3 5 1
1030	648	2 4 7 6 5 8 3 0 1
1031	649	2 4 7 3 6 8 5 0 1
1032	650	6 0 7 4 2 8 3 5 1
1033	651	4 6 7 3 2 8 5 0 1
1034	653	4 6 7 2 8 1 3 0 5
1035	654	4 6 7 0 5 8 2 3 1
1036	655	4 6 7 2 5 0 3 1 8
1037	656	1 2 4 0 8 7 3 6 5
1038	657	2 8 4 0 1 7 3 6 5
1039	657	2 8 4 1 7 0 3 6 5
1040	657	2 8 4 1 6 7 3 0 5
1041	658	2 4 7 0 8 5 1 3 6
1042	659	2 4 7 0 1 5 3 8 6
1043	659	2 4 7 1 5 0 3 8 6
1044	659	2 0 7 1 4 5 3 8 6
1045	660	1 2 7 3 4 8 6 0 5
1046	661	2 7 8 0 1 4 3 6 5
1047	661	2 0 8 1 7 4 3 6 5
1048	661	2 7 8 1 6 4 3 0 5
1049	662	2 7 8 1 4 5 3 0 6
1050	663	2 4 7 6 8 0 1 3 5
1051	663	2 0 7 6 4 8 1 3 5
1052	663	2 4 7 6 3 8 1 0 5
1053	664	4 0 7 2 6 8 1 3 5
1054	665	2 4 7 0 1 6 3 5 8
1055	665	2 0 7 1 4 6 3 5 8
1056	665	2 4 7 1 5 6 3 0 8
1057	666	2 0 4 1 6 7 3 5 8
1058	667	2 4 7 0 3 1 6 5 8
1059	667	2 0 7 3 4 1 6 5 8
1060	667	2 4 7 3 5 1 6 0 8
1061	668	2 0 4 3 1 7 6 5 8
1062	669	4 0 7 2 3 8 6 1 5
1063	671	2 0 4 3 8 7 6 1 5
1064	672	2 4 7 3 8 5 6 0 1
1065	673	3 2 7 0 4 8 6 1 5
1066	674	2 7 8 3 4 0 6 1 5
1067	675	1 7 8 0 4 2 3 6 5
1068	675	1 0 8 4 7 2 3 6 5
1069	675	1 7 8 4 6 2 3 0 5
1070	676	1 7 8 4 2 5 3 0 6
1071	677	1 0 2 4 8 7 3 6 5
1072	678	1 2 7 4 8 5 3 0 6
1073	679	1 2 7 0 6 8 4 3 5
1074	680	1 2 7 4 6 0 3 5 8
1075	681	4 1 7 0 3 2 6 5 8
1076	681	4 0 7 3 1 2 6 5 8
1077	681	4 1 7 3 5 2 6 0 8
1078	682	4 0 1 3 2 7 6 5 8
1079	683	1 0 7 4 3 8 6 2 5
1080	686	4 1 7 3 8 5 6 0 2
1081	687	4 1 7 8 5 0 2 3 6
1082	687	4 0 7 8 1 5 2 3 6
1083	687	4 1 7 8 3 5 2 0 6
1084	688	1 0 7 4 8 5 2 3 6
1085	689	1 0 7 4 2 5 3 8 6
1086	690	4 1 7 3 2 5 8 0 6
1087	691	4 0 1 2 5 7 3 8 6
1088	694	4 7 5 2 1 0 3 8 6
1089	696	4 1 7 6 8 5 2 0 3
1090	697	4 1 7 6 3 0 2 5 8
1091	698	1 7 8 4 6 0 2 3 5
1092	699	1 6 7 0 4 8 2 3 5
1093	699	1 6 7 4 8 0 2 3 5
1094	699	1 6 7 4 3 8 2 0 5
1095	700	1 0 7 4 2 6 3 5 8
1096	701	4 1 7 3 2 6 5 0 8
1097	703	4 7 6 2 1 0 3 5 8
1098	704	4 1 7 0 5 6 2 3 8
1099	705	2 4 1 0 6 7 3 5 8
1100	706	4 6 1 0 2 7 3 5 8
1101	706	4 6 1 2 7 0 3 5 8
1102	706	4 6 1 2 5 7 3 0 8
1103	707	1 4 0 5 8 7 2 3 6
1104	707	1 4 7 5 8 6 2 3 0
1105	708	0 1 7 5 4 8 2 3 6
1106	708	1 7 0 5 4 8 2 3 6
1107	709	1 4 7 5 3 8 0 2 6
1108	709	1 4 7 5 3 8 2 6 0
1109	710	1 4 7 2 5 8 3 6 0
